input/01.txt    54    54    54    54    54    54.000
input/02.txt    52    52    52    52    52    52.000
input/03.txt  1498  1498  1498  1498  1498  1498.000
input/04.txt 17578 17564 17584 17580 17602 17581.600
input/05.txt 14880 14886 14874 14896 14908 14888.800
input/06.txt  7158  7166  7164  7158  7160  7161.200
input/07.txt  2458  2458  2458  2458  2456  2457.600
input/08.txt  2974  2974  2974  2974  2974  2974.000
input/09.txt  7332  7334  7328  7332  7328  7330.800
input/10.txt  4710  4710  4710  4710  4710  4710.000
score 58708.000
