input/01.txt    54    54    54    54    54    54.000
input/02.txt    52    52    52    52    52    52.000
input/03.txt  1498  1498  1498  1498  1498  1498.000
input/04.txt 17558 17564 17568 17558 17582 17566.000
input/05.txt 14892 14878 14870 14908 14896 14888.800
input/06.txt  7154  7158  7158  7168  7158  7159.200
input/07.txt  2456  2460  2460  2460  2460  2459.200
input/08.txt  2974  2974  2974  2976  2974  2974.400
input/09.txt  7332  7328  7338  7330  7334  7332.400
input/10.txt  4710  4712  4710  4710  4710  4710.400
score 58694.400
