input/01.txt    54    54    54    54    54    54.000
input/02.txt    52    52    52    52    52    52.000
input/03.txt  1498  1498  1498  1498  1498  1498.000
input/04.txt 17686 17662 17664 17672 17666 17670.000
input/05.txt 14948 14946 14936 14930 14950 14942.000
input/06.txt  7172  7176  7178  7176  7166  7173.600
input/07.txt  2460  2462  2460  2460  2460  2460.400
input/08.txt  2976  2976  2982  2976  2976  2977.200
input/09.txt  7348  7350  7336  7334  7348  7343.200
input/10.txt  4714  4712  4714  4710  4714  4712.800
score 58883.200
