input/01.txt    54    54    54    54    54    54.000
input/02.txt    52    52    52    52    52    52.000
input/03.txt  1498  1498  1498  1498  1498  1498.000
input/04.txt 17544 17538 17568 17544 17592 17557.200
input/05.txt 14872 14874 14866 14874 14884 14874.000
input/06.txt  7158  7162  7175  7164  7160  7163.800
input/07.txt  2462  2458  2456  2456  2458  2458.000
input/08.txt  2976  2974  2974  2976  2974  2974.800
input/09.txt  7332  7326  7326  7328  7328  7328.000
input/10.txt  4710  4710  4710  4712  4710  4710.400
score 58670.200
