input/01.txt    54    54    54    54    54    54.000
input/02.txt    52    52    52    52    52    52.000
input/03.txt  1498  1498  1498  1498  1498  1498.000
input/04.txt 17526 17536 17554 17572 17534 17544.400
input/05.txt 14832 14850 14848 14856 14858 14848.800
input/06.txt  7167  7154  7152  7156  7162  7158.200
input/07.txt  2456  2458  2456  2456  2458  2456.800
input/08.txt  2974  2974  2974  2974  2974  2974.000
input/09.txt  7326  7326  7326  7324  7326  7325.600
input/10.txt  4712  4710  4710  4710  4710  4710.400
score 58622.200
